Input
n=4
x=[0.0, 1.0, 2.0, 3.0]
y=[1.0, 1.0, 1.0, 1.0]
z=[0.0, 0.0, 0.0, 0.0]
q=5
['S', '4', '5', '6']
['T', '1', '1', '1']
['R', 'x', '1.57']
['R', 'y', '1.57']
['R', 'z', '1.57']
Testcase-1 Output
x'=[0.0, 4.0, 8.0, 12.0]
y'=[5.0, 5.0, 5.0, 5.0]
z'=[0.0, 0.0, 0.0, 0.0]
Testcase-2 Output
x'=[1.0, 2.0, 3.0, 4.0]
y'=[2.0, 2.0, 2.0, 2.0]
z'=[1.0, 1.0, 1.0, 1.0]
Testcase-3 Output
x'=[0.0, 1.0, 2.0, 3.0]
y'=[0.0007963267107332633, 0.0007963267107332633, 0.0007963267107332633, 0.0007963267107332633]
z'=[0.9999996829318346, 0.9999996829318346, 0.9999996829318346, 0.9999996829318346]
Testcase-4 Output
x'=[0.0, 0.0007963267107332633, 0.0015926534214665267, 0.00238898013219979]
y'=[1.0, 1.0, 1.0, 1.0]
z'=[0.0, -0.9999996829318346, -1.9999993658636692, -2.999999048795504]
Testcase-5 Output
x'=[-0.9999996829318346, -0.9992033562211013, -0.9984070295103681, -0.9976107027996348]
y'=[0.0007963267107332633, 1.0007960096425679, 2.0007956925744024, 3.0007953755062373]
z'=[0.0, 0.0, 0.0, 0.0]
